-5 0.014606
-4.96656 0.014272
-4.93311 0.0139432
-4.89967 0.0136196
-4.86622 0.0133012
-4.83278 0.012988
-4.79933 0.0126798
-4.76589 0.0123766
-4.73244 0.0120784
-4.699 0.0117852
-4.66555 0.0114969
-4.63211 0.0112134
-4.59866 0.0109347
-4.56522 0.0106609
-4.53177 0.0103917
-4.49833 0.0101272
-4.46488 0.00986733
-4.43144 0.00961206
-4.39799 0.00936133
-4.36455 0.00911511
-4.3311 0.00887335
-4.29766 0.00863599
-4.26421 0.00840301
-4.23077 0.00817435
-4.19732 0.00794997
-4.16388 0.00772982
-4.13043 0.00751387
-4.09699 0.00730206
-4.06355 0.00709435
-4.0301 0.00689071
-3.99666 0.00669107
-3.96321 0.00649541
-3.92977 0.00630367
-3.89632 0.00611581
-3.86288 0.00593179
-3.82943 0.00575156
-3.79599 0.00557508
-3.76254 0.00540231
-3.7291 0.00523319
-3.69565 0.00506769
-3.66221 0.00490576
-3.62876 0.00474735
-3.59532 0.00459243
-3.56187 0.00444095
-3.52843 0.00429286
-3.49498 0.00414811
-3.46154 0.00400668
-3.42809 0.0038685
-3.39465 0.00373354
-3.3612 0.00360176
-3.32776 0.0034731
-3.29431 0.00334752
-3.26087 0.00322498
-3.22742 0.00310544
-3.19398 0.00298885
-3.16054 0.00287517
-3.12709 0.00276434
-3.09365 0.00265634
-3.0602 0.00255111
-3.02676 0.0024486
-2.99331 0.00234879
-2.95987 0.00225161
-2.92642 0.00215703
-2.89298 0.002065
-2.85953 0.00197548
-2.82609 0.00188842
-2.79264 0.00180378
-2.7592 0.00172151
-2.72575 0.00164158
-2.69231 0.00156393
-2.65886 0.00148853
-2.62542 0.00141532
-2.59197 0.00134426
-2.55853 0.00127531
-2.52508 0.00120843
-2.49164 0.00114357
-2.45819 0.00108068
-2.42475 0.00101973
-2.3913 0.000960659
-2.35786 0.000903435
-2.32441 0.000848009
-2.29097 0.000794337
-2.25753 0.000742376
-2.22408 0.000692081
-2.19064 0.000643407
-2.15719 0.00059631
-2.12375 0.000550746
-2.0903 0.000506671
-2.05686 0.00046404
-2.02341 0.000422809
-1.98997 0.000382933
-1.95652 0.000344369
-1.92308 0.000307073
-1.88963 0.000270998
-1.85619 0.000236103
-1.82274 0.000202341
-1.7893 0.00016967
-1.75585 0.000138044
-1.72241 0.000107419
-1.68896 7.77512e-05
-1.65552 4.8996e-05
-1.62207 2.11092e-05
-1.58863 -5.95359e-06
-1.55518 -3.22366e-05
-1.52174 -5.77842e-05
-1.48829 -8.26407e-05
-1.45485 -0.00010685
-1.4214 -0.000130457
-1.38796 -0.000153506
-1.35452 -0.000176041
-1.32107 -0.000198107
-1.28763 -0.000219747
-1.25418 -0.000241006
-1.22074 -0.000261928
-1.18729 -0.000282558
-1.15385 -0.00030294
-1.1204 -0.000323118
-1.08696 -0.000343137
-1.05351 -0.00036304
-1.02007 -0.000382872
-0.986622 -0.000402678
-0.953177 -0.000422502
-0.919732 -0.000442388
-0.886288 -0.000462379
-0.852843 -0.000482522
-0.819398 -0.00050286
-0.785953 -0.000523436
-0.752508 -0.000544297
-0.719064 -0.000565485
-0.685619 -0.000587045
-0.652174 -0.000609022
-0.618729 -0.000631459
-0.585284 -0.000654402
-0.551839 -0.000677894
-0.518395 -0.00070198
-0.48495 -0.000726703
-0.451505 -0.000752109
-0.41806 -0.000778241
-0.384615 -0.000805145
-0.351171 -0.000832863
-0.317726 -0.000861441
-0.284281 -0.000890923
-0.250836 -0.000921353
-0.217391 -0.000952775
-0.183946 -0.000985234
-0.150502 -0.00101877
-0.117057 -0.00105344
-0.083612 -0.00108927
-0.0501672 -0.00112632
-0.0167224 -0.00116463
0.0167224 -0.00120424
0.0501672 -0.0012452
0.083612 -0.00128754
0.117057 -0.00133133
0.150502 -0.00137659
0.183946 -0.00142338
0.217391 -0.00147173
0.250836 -0.0015217
0.284281 -0.00157332
0.317726 -0.00162665
0.351171 -0.00168172
0.384615 -0.00173858
0.41806 -0.00179728
0.451505 -0.00185785
0.48495 -0.00192035
0.518395 -0.00198481
0.551839 -0.00205129
0.585284 -0.00211982
0.618729 -0.00219045
0.652174 -0.00226322
0.685619 -0.00233819
0.719064 -0.00241538
0.752508 -0.00249486
0.785953 -0.00257665
0.819398 -0.00266081
0.852843 -0.00274738
0.886288 -0.00283641
0.919732 -0.00292793
0.953177 -0.003022
0.986622 -0.00311865
1.02007 -0.00321794
1.05351 -0.0033199
1.08696 -0.00342458
1.1204 0.661089
1.15385 0.683573
1.18729 0.70682
1.22074 0.730857
1.25418 0.755706
1.28763 0.781392
1.32107 0.807941
1.35452 0.835376
1.38796 0.863722
1.4214 0.893003
1.45485 0.923244
1.48829 0.95447
1.52174 0.986705
1.55518 1.01997
1.58863 1.0543
1.62207 1.08971
1.65552 1.12622
1.68896 1.16387
1.72241 1.20267
1.75585 1.24266
1.7893 1.28385
1.82274 1.32626
1.85619 1.36994
1.88963 1.41489
1.92308 1.46114
1.95652 1.50872
1.98997 1.55765
2.02341 1.60796
2.05686 1.65967
2.0903 1.71281
2.12375 1.7674
2.15719 1.82346
2.19064 1.88102
2.22408 0.698392
2.25753 0.722145
2.29097 0.746705
2.32441 0.772098
2.35786 0.79835
2.3913 0.825488
2.42475 0.853538
2.45819 0.882525
2.49164 0.912476
2.52508 0.943417
2.55853 0.975374
2.59197 1.00837
2.62542 1.04244
2.65886 1.0776
2.69231 1.11388
2.72575 1.15131
2.7592 1.18991
2.79264 1.22971
2.82609 1.27073
2.85953 1.313
2.89298 1.35655
2.92642 1.40141
2.95987 1.44759
2.99331 1.49512
3.02676 1.54404
3.0602 1.59437
3.09365 1.64612
3.12709 1.69934
3.16054 1.75404
3.19398 1.81026
3.22742 1.86801
3.26087 1.92732
3.29431 1.98823
3.32776 2.05075
3.3612 0.0222606
3.39465 0.0230177
3.42809 0.0238005
3.46154 0.0246098
3.49498 0.0254464
3.52843 0.0263111
3.56187 0.0272048
3.59532 0.0281282
3.62876 0.0290822
3.66221 0.0300676
3.69565 0.0310851
3.7291 0.0321356
3.76254 0.03322
3.79599 0.0343389
3.82943 0.0354933
3.86288 0.0366838
3.89632 0.0379115
3.92977 0.0391769
3.96321 0.040481
3.99666 0.0418246
4.0301 0.0432085
4.06355 0.0446335
4.09699 0.0461003
4.13043 0.0476099
4.16388 0.049163
4.19732 0.0507604
4.23077 0.0524029
4.26421 0.0540914
4.29766 0.0558267
4.3311 0.0576095
4.36455 0.0594407
4.39799 0.0613211
4.43144 0.0632514
4.46488 -0.794295
4.49833 -0.821309
4.53177 -0.84924
4.56522 -0.878118
4.59866 -0.907971
4.63211 -0.93883
4.66555 -0.970722
4.699 -1.00368
4.73244 -1.03772
4.76589 -1.07289
4.79933 -1.10921
4.83278 -1.14671
4.86622 -1.18542
4.89967 -1.22536
4.93311 -1.26657
4.96656 -1.30908
5 -1.35291
